1704792669228 1.0 0
1704792671312 1.0 0
1704792673357 1.0 0
1704792675399 1.0 0
1704792677447 1.0 0
1704792679491 1.0 0
1704792681531 1.0 0
1704792683620 1.0 0
1704792685689 1.0 0
1704792687762 1.0 0
1704792689816 1.0 0
1704792691892 1.0 0
1704792693992 1.0 0
1704792696091 1.0 0
1704792698177 1.0 0
1704792700266 1.0 0
1704792702345 1.0 0
1704792704457 1.0 0
1704792706506 1.0 0
1704792708543 1.0 0
1704792710618 1.0 0
1704792712671 1.0 0
1704792714746 1.0 0
1704792716842 1.0 0
1704792718932 1.0 0
1704792720981 1.0 0
1704792723061 1.0 0
1704792725175 1.0 0
1704792727279 1.0 0
1704792729334 1.0 0
1704792731406 1.0 0
1704792733459 1.0 0
1704792735544 1.0 0
1704792737655 1.0 0
1704792739706 1.0 0
1704792741761 1.0 0
1704792743836 1.0 0
1704792745924 1.0 0
1704792748009 1.0 0
1704792750074 1.0 0
1704792752120 1.0 0
1704792754195 1.0 0
1704792756281 1.0 0
1704792758373 1.0 0
1704792760462 1.0 0
1704792762556 1.0 0
1704792764627 1.0 0
1704792766707 1.0 0
1704792768799 1.0 0
1704792770900 1.0 0
1704792772969 1.0 0
1704792775059 1.0 0
1704792777143 1.0 0
1704792779225 1.0 0
1704792781312 1.0 0
1704792783398 1.0 0
1704792785463 1.0 0
1704792787509 1.0 0
1704792789606 1.0 0
1704792791682 1.0 0
1704792793761 1.0 0
1704792795859 1.0 0
1704792797965 1.0 0
1704792800057 1.0 0
1704792802143 1.0 0
1704792804231 1.0 0
1704792806320 1.0 0
1704792808375 1.0 0
1704792810414 1.0 0
1704792812471 1.0 0
1704792814519 1.0 0
1704792816592 1.0 0
1704792818656 1.0 0
1704792820699 1.0 0
1704792822781 1.0 0
1704792824837 1.0 0
1704792826923 1.0 0
1704792829015 1.0 0
1704792831129 1.0 0
1704792833172 1.0 0
1704792835251 1.0 0
1704792837348 1.0 0
1704792839457 1.0 0
1704792841561 1.0 0
1704792843657 1.0 0
1704792845701 1.0 0
1704792847771 1.0 0
1704792849835 1.0 0
1704792851901 1.0 0
1704792853982 1.0 0
1704792856036 1.0 0
1704792858092 1.0 0
1704792860162 1.0 0
1704792862218 1.0 0
1704792864298 1.0 0
1704792866394 1.0 0
1704792868448 1.0 0
1704792870519 1.0 0
1704792872595 1.0 0
1704792874649 1.0 0
1704792876713 1.0 0
1704792878795 1.0 0
1704792880839 1.0 0
1704792882876 1.0 0
1704792884914 1.0 0
1704792886964 1.0 0
1704792889045 1.0 0
1704792891142 1.0 0
1704792893207 1.0 0
