1704792669232 5.853856438154073 0
1704792671319 2.2602710464481524 0
1704792673361 5.380285626449791 0
1704792675405 5.076257778715325 0
1704792677453 4.725877247987158 0
1704792679495 5.1459371833839915 0
1704792681536 5.036398492761288 0
1704792683632 2.0394300545579744 0
1704792685693 5.042532067828919 0
1704792687772 2.598257951421809 0
1704792689821 5.339014408252509 0
1704792691903 2.487027147016962 0
1704792694002 2.131219590499228 0
1704792696101 2.1658772892419136 0
1704792698188 2.7459217877094972 0
1704792700276 2.708551681965884 0
1704792702355 2.6965872167517326 0
1704792704468 1.9491887079195003 0
1704792706510 6.828724970292464 0
1704792708547 5.968787214039486 0
1704792710627 2.3564257214438156 0
1704792712675 6.06920033417929 0
1704792714757 2.4452632524938696 0
1704792716853 2.3419666427415726 0
1704792718941 2.527770920760306 0
1704792720986 5.728245183366808 0
1704792723072 2.4101055372635427 0
1704792725191 2.076580302585586 0
1704792727291 2.4079049405878674 0
1704792729339 6.5518156757308645 0
1704792731416 2.6784837248777364 0
1704792733464 5.382918338529507 0
1704792735557 2.4068964223871174 0
1704792737666 2.6002699704636276 0
1704792739711 5.789183961913263 0
1704792741767 3.817978085180227 0
1704792743846 2.707618656628141 0
1704792745933 2.6207976257734273 0
1704792748019 2.6978901711827232 0
1704792750080 4.170175894636514 0
1704792752126 5.150496360026472 0
1704792754205 2.5962568667275527 0
1704792756291 2.5696361355081554 0
1704792758385 2.6490210494785282 0
1704792760473 2.465585315020259 0
1704792762566 2.375151907714136 0
1704792764633 3.27730205478286 0
1704792766718 2.5950259486419087 0
1704792768813 2.4210777840658997 0
1704792770912 2.6736478087870728 0
1704792772975 4.477960503361168 0
1704792775070 2.2154171917165826 0
1704792777150 2.6425447532121806 0
1704792779232 2.4704780237407764 0
1704792781323 2.123063858882952 0
1704792783409 2.547786211049424 0
1704792785467 3.9897619763116174 0
1704792787514 4.076096507479435 0
1704792789612 1.5455130394719074 0
1704792791689 2.4815442621894235 0
1704792793772 2.505215252476094 0
1704792795871 2.2986095771419017 0
1704792797977 2.293821168564495 0
1704792800067 2.727339699090471 0
1704792802153 2.6916849596621972 0
1704792804242 2.5954982708992 0
1704792806330 2.618676460586275 0
1704792808379 5.477863025269233 0
1704792810417 5.378895494147051 0
1704792812479 3.163428120712179 0
1704792814523 5.584590392202367 0
1704792816603 2.5821474079538596 0
1704792818661 4.068945838837516 0
1704792820705 5.728927046289821 0
1704792822790 2.3153773377206814 0
1704792824840 4.975259234634514 0
1704792826929 1.9925478181667633 0
1704792829027 1.9835755539809656 0
1704792831136 2.205220624071996 0
1704792833176 5.279854543480916 0
1704792835261 2.46820548927074 0
1704792837361 2.2604723799235598 0
1704792839468 2.237379929919169 0
1704792841573 2.160677007340232 0
1704792843663 2.4420230106681213 0
1704792845705 5.090661712760669 0
1704792847781 2.7096047742371354 0
1704792849839 3.07923127984069 0
1704792851908 2.621297222959771 0
1704792853986 1.7643279704161263 0
1704792856041 3.639118276955306 0
1704792858099 3.677500448913629 0
1704792860172 3.116255859422934 0
1704792862222 5.3952132727986095 0
1704792864308 2.2588453835660176 0
1704792866404 2.502653023160088 0
1704792868453 6.314767434232107 0
1704792870531 2.9378855257495338 0
1704792872605 3.6303059182312016 0
1704792874653 5.9772657450076805 0
1704792876718 2.6205292956254342 0
1704792878804 2.258937175631901 0
1704792880843 5.90999529168755 0
1704792882880 6.308249365118375 0
1704792884917 5.454672890645808 0
1704792886970 3.822906220523259 0
1704792889056 2.5867446000873393 0
1704792891155 2.318625532196776 0
1704792893211 5.09702272998054 0
