1704792669236 16.2 0
1704792671324 12.5 0
1704792673366 5.2 0
1704792675411 7.4 0
1704792677459 12.9 0
1704792679499 7.1 0
1704792681540 9.7 0
1704792683651 5.5 0
1704792685697 4.7 0
1704792687781 6.8 0
1704792689826 10.7 0
1704792691914 5.1 0
1704792694012 11.0 0
1704792696111 6.9 0
1704792698198 4.1 0
1704792700283 7.5 0
1704792702367 9.0 0
1704792704476 7.1 0
1704792706515 8.5 0
1704792708552 8.0 0
1704792710637 7.5 0
1704792712679 6.5 0
1704792714768 4.2 0
1704792716864 5.2 0
1704792718951 5.4 0
1704792720990 11.8 0
1704792723083 6.5 0
1704792725204 5.6 0
1704792727302 5.1 0
1704792729344 5.8 0
1704792731426 9.5 0
1704792733469 4.7 0
1704792735572 8.3 0
1704792737674 3.7 0
1704792739715 5.3 0
1704792741773 7.0 0
1704792743856 4.1 0
1704792745944 3.8 0
1704792748030 3.8 0
1704792750086 5.1 0
1704792752131 8.8 0
1704792754215 15.2 0
1704792756301 5.3 0
1704792758394 4.8 0
1704792760484 5.9 0
1704792762577 4.8 0
1704792764639 10.3 0
1704792766729 12.2 0
1704792768829 7.1 0
1704792770926 5.1 0
1704792772981 7.7 0
1704792775081 6.5 0
1704792777158 5.1 0
1704792779238 6.3 0
1704792781331 8.3 0
1704792783421 8.9 0
1704792785472 9.3 0
1704792787520 9.8 0
1704792789617 5.2 0
1704792791695 9.3 0
1704792793782 3.7 0
1704792795882 9.6 0
1704792797990 4.4 0
1704792800077 4.6 0
1704792802163 3.1 0
1704792804252 5.8 0
1704792806340 5.9 0
1704792808384 5.3 0
1704792810421 3.3 0
1704792812487 9.2 0
1704792814527 17.7 0
1704792816614 5.3 0
1704792818666 4.4 0
1704792820710 5.5 0
1704792822801 5.5 0
1704792824844 9.7 0
1704792826935 5.9 0
1704792829044 9.7 0
1704792831141 6.3 0
1704792833181 8.8 0
1704792835268 7.4 0
1704792837375 17.1 0
1704792839479 14.3 0
1704792841587 10.7 0
1704792843667 7.7 0
1704792845709 7.2 0
1704792847791 8.1 0
1704792849842 7.9 0
1704792851915 6.3 0
1704792853992 8.3 0
1704792856045 7.2 0
1704792858106 7.0 0
1704792860183 11.2 0
1704792862227 6.9 0
1704792864320 9.8 0
1704792866416 8.5 0
1704792868458 7.9 0
1704792870541 11.2 0
1704792872615 10.4 0
1704792874657 9.3 0
1704792876723 7.6 0
1704792878810 10.0 0
1704792880847 10.7 0
1704792882884 13.5 0
1704792884922 13.4 0
1704792886980 18.1 0
1704792889067 15.3 0
1704792891167 6.6 0
1704792893216 7.8 0
