1704792669224 0.0 0
1704792671299 0.0 0
1704792673352 0.0 0
1704792675395 0.0 0
1704792677442 0.0 0
1704792679487 0.0 0
1704792681527 0.0 0
1704792683607 0.0 0
1704792685685 0.0 0
1704792687750 0.0 0
1704792689810 0.0 0
1704792691882 0.0 0
1704792693982 0.0 0
1704792696080 0.0 0
1704792698167 0.0 0
1704792700255 0.0 0
1704792702336 0.0 0
1704792704442 0.0 0
1704792706502 0.0 0
1704792708539 0.0 0
1704792710609 0.0 0
1704792712667 0.0 0
1704792714736 0.0 0
1704792716832 0.0 0
1704792718922 0.0 0
1704792720978 0.0 0
1704792723048 0.0 0
1704792725158 0.0 0
1704792727268 0.0 0
1704792729330 0.0 0
1704792731395 0.0 0
1704792733455 0.0 0
1704792735530 0.0 0
1704792737639 0.0 0
1704792739701 0.0 0
1704792741755 0.0 0
1704792743826 0.0 0
1704792745914 0.0 0
1704792747999 0.0 0
1704792750068 0.0 0
1704792752116 0.0 0
1704792754185 0.0 0
1704792756272 0.0 0
1704792758361 0.0 0
1704792760451 0.0 0
1704792762546 0.0 0
1704792764622 0.0 0
1704792766697 0.0 0
1704792768789 0.0 0
1704792770887 0.0 0
1704792772964 0.0 0
1704792775045 0.0 0
1704792777135 0.0 0
1704792779215 0.0 0
1704792781300 0.0 0
1704792783388 0.0 0
1704792785459 0.0 0
1704792787505 0.0 0
1704792789599 0.0 0
1704792791672 0.0 0
1704792793750 0.0 0
1704792795847 0.0 0
1704792797950 0.0 0
1704792800048 0.0 0
1704792802133 0.0 0
1704792804221 0.0 0
1704792806310 0.0 0
1704792808371 0.0 0
1704792810410 0.0 0
1704792812464 0.0 0
1704792814515 0.0 0
1704792816581 0.0 0
1704792818652 0.0 0
1704792820694 0.0 0
1704792822769 0.0 0
1704792824833 0.0 0
1704792826914 0.0 0
1704792829002 0.0 0
1704792831115 0.0 0
1704792833168 0.0 0
1704792835238 0.0 0
1704792837333 0.0 0
1704792839443 0.0 0
1704792841547 0.0 0
1704792843650 0.0 0
1704792845697 0.0 0
1704792847761 0.0 0
1704792849832 0.0 0
1704792851894 0.0 0
1704792853978 0.0 0
1704792856030 0.0 0
1704792858085 0.0 0
1704792860153 0.0 0
1704792862213 0.0 0
1704792864287 0.0 0
1704792866382 0.0 0
1704792868443 0.0 0
1704792870509 0.0 0
1704792872586 0.0 0
1704792874644 0.0 0
1704792876707 0.0 0
1704792878783 0.0 0
1704792880836 0.0 0
1704792882872 0.0 0
1704792884910 0.0 0
1704792886959 0.0 0
1704792889036 0.0 0
1704792891130 0.0 0
1704792893202 0.0 0
