1704792669220 0.015514612197875977 0
1704792671285 0.04018115997314453 0
1704792673348 0.017061710357666016 0
1704792675390 0.018083572387695312 0
1704792677436 0.01901102066040039 0
1704792679483 0.017648935317993164 0
1704792681522 0.01803278923034668 0
1704792683595 0.045011043548583984 0
1704792685681 0.018010854721069336 0
1704792687740 0.03495430946350098 0
1704792689805 0.01701068878173828 0
1704792691871 0.03651762008666992 0
1704792693971 0.04307246208190918 0
1704792696068 0.04193234443664551 0
1704792698156 0.03307461738586426 0
1704792700245 0.03353095054626465 0
1704792702326 0.03367972373962402 0
1704792704427 0.04659390449523926 0
1704792706498 0.013442754745483398 0
1704792708535 0.015215873718261719 0
1704792710599 0.038541555404663086 0
1704792712663 0.015125036239624023 0
1704792714726 0.03714132308959961 0
1704792716822 0.03919649124145508 0
1704792718911 0.03670167922973633 0
1704792720973 0.016025304794311523 0
1704792723037 0.038088321685791016 0
1704792725141 0.04467606544494629 0
1704792727255 0.038123130798339844 0
1704792729326 0.014010906219482422 0
1704792731386 0.034271955490112305 0
1704792733451 0.01705336570739746 0
1704792735515 0.03813910484313965 0
1704792737624 0.03567838668823242 0
1704792739697 0.016025304794311523 0
1704792741748 0.02404332160949707 0
1704792743816 0.03426384925842285 0
1704792745904 0.03502631187438965 0
1704792747989 0.03402543067932129 0
1704792750062 0.022012710571289062 0
1704792752111 0.018012523651123047 0
1704792754175 0.03498125076293945 0
1704792756262 0.03572368621826172 0
1704792758351 0.03502178192138672 0
1704792760441 0.0368351936340332 0
1704792762536 0.03864884376525879 0
1704792764615 0.028009891510009766 0
1704792766688 0.03537416458129883 0
1704792768779 0.037915706634521484 0
1704792770876 0.03433394432067871 0
1704792772958 0.020499706268310547 0
1704792775032 0.04143548011779785 0
1704792777128 0.03510761260986328 0
1704792779205 0.037157535552978516 0
1704792781289 0.043237924575805664 0
1704792783378 0.03603005409240723 0
1704792785455 0.023008108139038086 0
1704792787500 0.022520780563354492 0
1704792789590 0.0600275993347168 0
1704792791662 0.03699183464050293 0
1704792793740 0.036252498626708984 0
1704792795836 0.03993582725524902 0
1704792797939 0.03959345817565918 0
1704792800038 0.03365802764892578 0
1704792802123 0.0341038703918457 0
1704792804211 0.035367727279663086 0
1704792806300 0.035054683685302734 0
1704792808367 0.016936063766479492 0
1704792810407 0.016884565353393555 0
1704792812455 0.029018163681030273 0
1704792814511 0.016437530517578125 0
1704792816571 0.035550594329833984 0
1704792818647 0.02256035804748535 0
1704792820688 0.01602339744567871 0
1704792822758 0.04006838798522949 0
1704792824830 0.018646955490112305 0
1704792826900 0.046070098876953125 0
1704792828991 0.04677081108093262 0
1704792831101 0.04206991195678711 0
1704792833164 0.017571210861206055 0
1704792835227 0.03758740425109863 0
1704792837319 0.04060959815979004 0
1704792839432 0.041028738021850586 0
1704792841534 0.04248523712158203 0
1704792843638 0.03759050369262695 0
1704792845693 0.018224239349365234 0
1704792847750 0.033878326416015625 0
1704792849828 0.029811620712280273 0
1704792851885 0.035019636154174805 0
1704792853974 0.05202937126159668 0
1704792856025 0.025493383407592773 0
1704792858078 0.02522730827331543 0
1704792860144 0.0291440486907959 0
1704792862209 0.017014503479003906 0
1704792864276 0.041071176528930664 0
1704792866370 0.03707003593444824 0
1704792868439 0.014536857604980469 0
1704792870497 0.03157830238342285 0
1704792872578 0.025017261505126953 0
1704792874640 0.015521049499511719 0
1704792876700 0.03465723991394043 0
1704792878773 0.04106950759887695 0
1704792880832 0.015697717666625977 0
1704792882868 0.014551877975463867 0
1704792884906 0.017008066177368164 0
1704792886953 0.024012327194213867 0
1704792889025 0.03548741340637207 0
1704792891119 0.039591073989868164 0
1704792893196 0.01800990104675293 0
